
camera.A=[639.12277 0 456; 0 639.12277 342; 0 0 1]
camera.height=684
camera.width=912

camera.R=[0.920177792782323 -0.115443456827887 0.374093087273582; 0.113292031570156 0.993172235255791 0.0278177407372042; -0.374750243833088 0.0167844985818242 0.926973859045873]
camera.T=[-1.5563161755769 -0.198960265111697 0.268496144193465]

camera.match=1093_param.txt,1094_param.txt,1096_param.txt,1097_param.txt
camera.zmax=134.044774670553
camera.zmin=4.48457015310984
