
camera.A=[639.12277 0 456; 0 639.12277 342; 0 0 1]
camera.height=684
camera.width=912

camera.R=[0.862597803981116 -0.145542544921358 0.484502214839902; 0.133971725433315 0.989248326298825 0.0586457645477955; -0.487828458939591 0.014321889986642 0.872822019724431]
camera.T=[-2.02723139392577 -0.310571630370078 0.52684368692621]

camera.match=1094_param.txt,1095_param.txt,1097_param.txt,1098_param.txt
camera.zmax=311.702698637608
camera.zmin=4.30343235403382
