
camera.A=[639.12277 0 456; 0 639.12277 342; 0 0 1]
camera.height=684
camera.width=912

camera.R=[0.775482025486655 -0.176990460861758 0.606054457050731; 0.163375657368573 0.983463036740572 0.0781591321881115; -0.6098655775878 0.0384035431823011 0.791573840614092]
camera.T=[-2.47831506375375 -0.348876053862338 0.839414846765083]

camera.match=1095_param.txt,1096_param.txt,1098_param.txt,1099_param.txt
camera.zmax=310.570749154662
camera.zmin=3.98423948339467

rho=468.24722146
