
camera.A=[639.12277 0 456; 0 639.12277 342; 0 0 1]
camera.height=684
camera.width=912

camera.R=[0.680471404117957 -0.220422456783558 0.698836610892157; 0.184556012780037 0.974495375827078 0.12766299635516; -0.709152837070029 0.042103480107269 0.703796526446661]
camera.T=[-2.97330334321694 -0.361962354142996 0.99269685161236]

camera.match=1096_param.txt,1097_param.txt,1099_param.txt,1100_param.txt
camera.zmax=300.530973914604
camera.zmin=3.98145468907166
