
camera.A=[639.12277 0 456; 0 639.12277 342; 0 0 1]
camera.height=684
camera.width=912

camera.R=[0.556201842238382 -0.260627876777131 0.789121423189914; 0.215315900192109 0.962320240379024 0.166068714938484; -0.802669654225879 0.0775426644080685 0.591361616425521]
camera.T=[-3.37427362875379 -0.454202465335284 1.39907114034226]

camera.match=1097_param.txt,1098_param.txt,1100_param.txt,1101_param.txt
camera.zmax=406.949180053409
camera.zmin=3.84873943644103
